## Columns
0   1   2   3   4   5           6   7   8   9   10  11
0   1   2   3   4   5           6   7   8   9   10  11
0   1   2   3   4   5           6   7   8   9   10  11
0   1   2   3   4   5           6   7   8   9   10  11
                    5           6

## Rows
0   0   0   0   0   0           0   0   0   0   0   0
1   1   1   1   1   1           1   1   1   1   1   1
2   2   2   2   2   2           2   2   2   2   2   2
3   3   3   3   3   3           3   3   3   3   3   3
                    4           4